type= wuxiangxing
count= 1
speed= 1.0   
start data >>   

UserWait(3500)

DispatchTrackball(0,0,0, 0,0,0,0,0, 0,0,0,0)
DispatchTrackball(1,1,2,50,0,0,0,0,50,0,0,0)

UserWait(1000)

Tap(400,0,0)
Tap(800,0,0)

Tap(200,80,0)
Tap(600,80,0)

Tap(400,160,0)
Tap(800,160,0)

Tap(200,240,0)
Tap(600,240,0)

Tap(400,320,0)
Tap(800,320,0)

Tap(200,400,0)
Tap(600,400,0)

Tap(400,480,0)
Tap(800,480,0)

Tap(200,560,0)
Tap(600,560,0)

Tap(400,640,0)
Tap(800,640,0)

Tap(200,720,0)
Tap(600,720,0)

Tap(400,800,0)
Tap(800,800,0)

Tap(200,880,0)
Tap(600,880,0)

Tap(400,960,0)
Tap(800,960,0)

Tap(200,1040,0)
Tap(600,1040,0)

Tap(400,1120,0)
Tap(800,1120,0)

Tap(200,1200,0)
Tap(600,1200,0)

Tap(400,1280,0)
Tap(800,1280,0)

UserWait(1000)